-1;3;[1.9752609557348224, 1.3683168246764148, 2.1454129437929375, 2.1703845630988234, 1.7081578595415707, 1.5429154733496906, 1.8377495239485866, 1.9992928381290278, 1.9916388866745154, 1.9347881090069836]
0;4;[1.8349264181324667, 1.2181086825986862, 2.0153308471895537, 2.013105933897351, 2.579870700553775, 1.3754888660622007, 1.2562261848374177, 1.5813937002623777, 2.1950585203299626, 2.1059325486953493]
1;5;[1.7613442641256594, 1.3430987071295084, 1.5397470834416491, 1.699124596089366, 2.8747497257921, 1.8800857866294078, 1.6565500048025208, 1.42966797301936, 1.473415975410931, 2.720883332553868]
2;6;[1.7324213989120316, 1.2488857059032186, 1.807079459803894, 1.6320019388066025, 2.6602325285817914, 1.7168570219372101, 1.7768961177154439, 1.636236443484912, 1.6271659069866617, 2.4581030106444928]
3;7;[2.025596335878694, 1.3385858968849047, 1.7325156942352318, 1.2711293258753698, 2.5671850106826164, 1.5086584336527162, 2.425758848958207, 1.3541688679396844, 1.86819927615611, 2.0344116844851508]
4;8;[1.524986519274504, 1.7046178800674487, 2.599012951900049, 0.7138480580153316, 2.605564158613905, 1.6096337167755617, 2.0175094294483555, 1.5799584129129318, 3.1809600265440805, 2.327252750329807]
5;9;[1.6154557238419682, 2.0653619328769257, 1.968377627277621, 1.161930649597755, 2.8956615064109466, 1.5763945084675912, 1.472970263028358, 1.817588193612312, 2.7982306266350876, 2.155339765050296]
6;10;[2.5704734548783352, 2.4741756548530023, 2.011229088342208, 1.2398755813280198, 2.8810006901123315, 1.558117597303542, 1.6521390291143132, 1.584452475414146, 2.0753458193704732, 2.225432967009386]
7;11;[2.3377693849954304, 2.0488001049849016, 1.8985080607039269, 2.4045180429927147, 2.284806755746295, 1.7473924236001144, 1.8525192423509316, 2.1384598791225367, 1.6198075976139241, 1.8545272124927716]
8;12;[1.650479071853512, 2.1802268175219632, 2.132833692216511, 2.8216623437777697, 1.9582223613359302, 2.529262869418027, 1.7466517749447106, 2.2501388454421836, 1.3573811001751235, 1.5356029045251307]
9;13;[1.5979344480321376, 2.244620932430983, 2.2119208451383523, 2.472665531288017, 1.8717694294705427, 2.137775618360695, 1.6684495455750672, 1.4904104852084474, 1.8814562825579975, 1.3633707764727765]
10;14;[1.5571870196124944, 2.106466936453665, 2.242508353028194, 3.2107048954031194, 1.913007102574422, 1.9777632698723522, 2.213144023448367, 2.5996072891727193, 2.9262996881302055, 1.4494892758132039]
11;15;[2.3680704573104467, 1.9914020831033998, 3.111433721032779, 3.603235129187688, 2.3654043179783844, 1.7411220760633819, 2.840956306552243, 3.648727295800635, 2.641248242898955, 2.756585869161654]
12;16;[1.8198042126403084, 1.7551889791352668, 3.5056823272581354, 3.358669379592722, 2.4785105512324166, 1.8378682438022462, 2.968849908059188, 3.452079258502238, 1.6317929118715708, 2.515978907821]
13;17;[2.2340642439111935, 2.583663792841254, 3.394882557946172, 2.9538423812134416, 2.939600565655927, 2.2841940775757674, 3.236608254346338, 3.3683300846491484, 1.8787223902726295, 1.9507896528005173]
14;18;[2.6177216938093038, 3.0590147874681475, 3.56257245347465, 2.701551246120387, 2.5535402474065862, 2.5680589666695797, 2.441213700369342, 3.3692752697095876, 2.4960529324316165, 3.020072061789183]
15;19;[2.3236036368680435, 2.9606634474862457, 3.5193655257600627, 3.075461978299497, 2.881642957785455, 2.9875501960238386, 2.6724676930379734, 3.0531091578307614, 3.0307385339256583, 2.5154821004970236]
16;20;[1.5071685163850919, 3.3088552505140663, 3.1275862888646944, 3.421746059681258, 2.0875617598303364, 2.3970956260015353, 2.2574440201625876, 1.9470094243180072, 3.4210222359894815, 1.7776672625815708]
17;21;[2.2304118031270264, 3.264240705326565, 2.3432452356327724, 3.286977702896568, 1.3177942582184652, 2.8554044438401314, 1.8158163722888399, 1.7481081483881937, 2.533393844383822, 2.8439843402210405]
18;22;[2.9643374417854043, 3.3474367602054, 1.480478980061082, 3.153692614568176, 1.213044268712265, 1.8293037620119568, 2.9221120936296936, 2.376825050347614, 1.6631350259226294, 2.5260075631077203]
19;23;[2.2685803683122816, 2.1252333733452438, 1.6046359485383663, 2.368596175136105, 1.4168261061319734, 1.7505559262905037, 2.0657441081005854, 1.6801605352386408, 1.3922326494323802, 1.5999855707025115]
20;24;[3.010926401057343, 1.7692517075744831, 1.4193237801189154, 1.7470942510434657, 1.745267561727983, 1.9839185511228372, 1.8914834230038753, 1.750826138177969, 1.6291560202464008, 1.8193872276863883]
21;25;[2.0187435395813855, 1.7443113053192498, 1.3011159666282193, 1.2853592986357953, 1.8829055209779122, 1.6076497484194097, 1.4781873536618768, 2.016507144513188, 2.1596078898752156, 1.6660357688420309]
22;26;[1.9865879495587246, 1.6844462577833283, 1.6693348656465439, 1.3028832589162629, 2.0677946949746264, 1.3821029488468868, 1.7317695453292086, 1.7140312743073236, 2.4222599792957533, 1.6293305212870142]
23;27;[2.0232416760228777, 1.6883368812665784, 2.2262394805348205, 1.7905047736102557, 1.339780534048642, 1.5077841038925623, 1.9341063635489948, 1.186294227086974, 2.301019720776265, 2.392490233144855]
24;28;[2.109801253302556, 1.422505476511006, 2.5259208757473663, 2.4136788701942766, 0.9761875376659335, 1.6002737096219508, 2.010608377375883, 1.2387954582092409, 2.6342496252335184, 2.3220131617520607]
25;29;[2.1135196533740057, 1.9784740331917485, 2.6227487327408343, 2.2875501208633255, 2.0523233353359256, 1.8509844871601004, 1.9617802007007372, 1.2510780824971404, 2.7062329246526984, 2.2895282831469577]
26;30;[2.335076175361679, 2.3730023972928036, 1.9304000247962443, 1.9321951681455978, 2.5753307508848584, 2.6074522837942786, 2.112808819181049, 1.6921314493807325, 1.8988578289462608, 2.2797945120663274]
27;31;[2.4366438515103677, 2.2117746057418746, 1.9593085374330974, 2.6860286196971255, 2.23853657343482, 2.1940022399694707, 1.8257522360270912, 2.1292754071566984, 2.458875515492219, 2.053451257427573]
28;32;[2.3360198312794185, 1.955932760299226, 1.6777177685348315, 3.297407709335958, 2.048569095366654, 2.218845342581827, 2.2742569613315937, 2.5263256939513, 2.795135604519752, 2.4210380225504746]
29;33;[2.008480180147466, 2.107407254633718, 2.194086374359809, 3.1036766921393064, 2.0831937335638133, 1.7027514008362161, 2.417412746408627, 1.866853501273453, 2.3531144997939615, 2.2529013527221484]
30;34;[2.64242954116326, 2.175087148581365, 2.7466420617318166, 2.8703023886700936, 2.6606059110346574, 2.620215040538437, 2.50285408121739, 2.3666144036504515, 2.390800908745536, 1.6271092319995952]
31;35;[2.364499347938167, 3.0469356771594054, 3.6478364453311225, 2.959633923472209, 2.780367060870812, 2.5754631421763317, 3.2990676202995015, 3.3516133248020585, 2.9408058643331634, 3.0089010631143673]
32;36;[2.366571984943309, 2.909898753865988, 3.8954096801010007, 2.6871307580509396, 3.0661482033378826, 2.6436802473967718, 3.5700633782615796, 3.645013288285121, 2.9432575273922645, 3.5966844612902786]
33;37;[2.237452924299714, 2.1223578872930666, 2.4381691241224375, 1.289055264402087, 2.063095109625118, 2.0662977056782004, 2.233939679388212, 2.38383219772553, 2.0187681303266993, 2.0729708182214615]
34;38;[2.24807328252889, 2.298394437917373, 1.6633292281574819, 0.8586186591011579, 1.9648234579528099, 1.3822753122192846, 1.5508026958133998, 1.074183764650565, 2.1624376132769476, 1.2867070780709884]
35;39;[1.3763569706146046, 3.0336570374549097, 2.6773732530312544, 1.2615692101728069, 1.9263910749706656, 1.1755168081247915, 1.5124758503328093, 1.0042687069244782, 2.219808260406545, 1.347218752300189]
36;40;[2.0378976907405613, 3.1759516907897494, 3.88319674608612, 0.8948533762625536, 1.748701744013519, 1.0558252495139162, 2.359522218181002, 1.219229773293308, 2.064805321374205, 2.3502193586580864]
37;41;[2.750725240889871, 2.124334024925701, 3.8022727669647574, 0.8416053561708382, 3.04875852417245, 1.4237596721984669, 2.5599908988292284, 1.4070654681582564, 1.7729318634181905, 2.5560927968779]
38;42;[2.376187768281886, 2.292718494334516, 3.748691854522046, 0.7275793910320065, 3.4002404391658736, 1.5258060850321753, 1.677113395666061, 1.4990827113440233, 1.2387751678217924, 1.7022247734221119]
39;43;[1.756821837525401, 2.6845626453996316, 3.3459136228386783, 0.8320535445262502, 2.3607256780712866, 1.0367230134053038, 1.5094521239136545, 1.6356588769707694, 1.3363988727128209, 1.4620119594397112]
40;44;[1.2762570146250325, 2.4004966231557643, 2.2655321527874244, 0.9660753009211079, 2.9605105111141437, 0.9963540639364014, 1.661851238683358, 1.537947342246722, 1.2547081841257854, 1.613215358242235]
41;45;[1.9418972227602056, 1.8015212774008664, 1.86485807948496, 1.8713244058281118, 2.603359020417647, 1.5345929831515768, 1.674116251885027, 1.590966945022867, 1.3994505433898279, 1.5826387255083478]
42;46;[2.233169614518022, 1.8862593604360507, 1.942074318698855, 2.043978349120919, 2.1552957589448414, 1.8757488067994703, 1.775461003774162, 1.6644381457569, 1.5340204587690416, 1.7710556148358392]
43;47;[1.865276840533228, 2.072750158983294, 2.3060302152057766, 1.708128636527835, 1.8855965220255873, 2.335485946943622, 1.9132926059752973, 2.1402046180483407, 1.9303663603302474, 2.0829168943698155]
44;48;[2.429730895837234, 3.170357782784315, 2.1722456372967986, 2.091562627539722, 2.3470748109124444, 3.3270037958192007, 2.4188485532562183, 1.851458413083073, 2.5449975807806218, 2.7621673949595187]
45;49;[2.803867063817703, 3.3584148959461713, 2.769575032085717, 2.13733942387577, 2.5382976217120747, 3.4691564304216214, 2.332226149692846, 1.0011195958864885, 2.6258487883498636, 1.9245169604697288]
46;50;[3.0851179050489295, 2.9625174462570993, 3.10025175804169, 2.2393393618003508, 2.7964405043676464, 2.8719772895537243, 3.001414123973093, 0.8387262991263315, 2.7213580979879515, 1.8643351852010677]
47;51;[2.264185554873717, 1.7179576567338777, 2.742874254279641, 2.1665831242851525, 2.4709167681889386, 2.66753782847812, 3.1204755913109903, 1.5662128322306026, 3.236030435250453, 2.803461035368534]
48;52;[1.2147201276685138, 1.5621974061318704, 1.6397763461531665, 2.576664985045743, 2.1427869792994714, 2.503593856013731, 2.8502092711458675, 1.1733031486747807, 2.4331175557450315, 2.637528341237982]
49;53;[1.1167822302985038, 2.404382019843598, 1.3296090452388807, 2.647314723359182, 2.1849729334801458, 2.318535071308791, 1.7235409449366113, 0.9992954385051444, 2.04951789845307, 2.028055511350478]
50;54;[1.2720114099620337, 1.9963224681077316, 1.9789132396274196, 2.392374758636912, 1.4962910475256384, 2.0234366284418464, 1.9123462831549183, 1.287885754402825, 1.9712191537264112, 1.9267354792679767]
51;55;[2.3049862630994666, 1.882734701414716, 1.9785118504905814, 1.8919355245998857, 2.1822830632386276, 1.8393056481774852, 1.9642171188680988, 2.5474404558101758, 2.180398133357396, 2.3284385756162465]
52;56;[2.72198365090717, 2.0762992578772224, 1.3048197798403154, 1.7846838010129085, 2.3565155783144616, 1.8272522669802114, 1.5508019070311017, 2.6708858988218065, 2.032353956595478, 1.7384232695862263]
53;57;[2.2961933558052445, 1.8191201921681737, 1.6262189369632185, 1.9323086590347742, 1.8324662618110845, 2.094728414623103, 2.056767486997894, 2.198034504198996, 2.0354293325171904, 1.4741995504082337]
54;58;[2.1056949616262264, 1.5995960805988483, 2.2733523180894957, 1.2525728911003948, 1.5659552319256946, 3.4240897460133106, 2.326640397982288, 2.7752615451276528, 1.2568719317578378, 1.3648913643074236]
55;59;[1.6346402211433928, 1.8416003540971981, 2.070367254018586, 1.2110965043371826, 1.5955868560116127, 3.159678145834688, 1.7946348829026038, 2.562914063719201, 1.4638678727947056, 0.9558945402854673]
56;60;[1.9137801354488018, 1.4894765659404217, 1.4791362455952273, 1.2161067705097928, 1.6404425229600368, 2.785948406396498, 1.159605601772331, 2.596162700181435, 1.6401258739545985, 1.0172841364729235]
57;61;[2.215927127730804, 1.9382075766077052, 1.459543646181336, 1.1637013842655841, 1.5378245279400273, 2.5684519542027693, 1.7872471251540436, 2.551726833909433, 1.4512325247395217, 0.714192868617012]
58;62;[1.8119352310858738, 2.2551674717375025, 1.2743046098311275, 0.5554573671961441, 1.668396953762803, 2.052591151458484, 1.9958211489713384, 2.930358594124915, 1.331167869011176, 0.6169192011287455]
59;63;[2.109302488527059, 2.379951029331856, 0.6106548941777258, 1.0716189213066483, 2.0235536600209483, 1.761657386793805, 2.0427794296302975, 3.155718369853954, 1.5188165430934983, 1.1124228872594335]
60;64;[2.0733721566463066, 2.465279824092931, 0.7011433914379385, 1.4420049857191428, 2.165240702211107, 1.633236111879561, 2.0812552119500074, 2.7615854534864863, 1.2913914732377685, 1.5924191996868777]
61;65;[1.8909478607478896, 2.9049362046527927, 1.0033892217634657, 1.6523042966439434, 2.276070196393483, 1.928144534313099, 2.261307637204399, 2.6374167012543728, 1.1658497348914891, 1.9045943652915542]
62;66;[1.684723329473936, 3.166020073403951, 1.509770371987288, 1.6784861055589666, 3.2216763580584113, 1.8654144304310503, 1.744649235788965, 3.133441766752169, 1.343523049148599, 2.8992771787322633]
63;67;[1.784051248288452, 2.5404840770664365, 1.5421026357055938, 1.78031448737599, 2.638942090945722, 1.9441076587524446, 1.3794765474159822, 2.4517382602661812, 1.42647712320096, 2.338008178487065]
64;68;[1.8719450029530373, 2.179431328933185, 1.5966183995044703, 1.3190381170094976, 1.8891038529633886, 1.8591044162026948, 1.2662326898541565, 2.3198511593796862, 1.6707333816303247, 2.579052175440036]
65;69;[2.1375315791297114, 2.2740656402771937, 1.0857163245632606, 1.840605288022253, 2.1163731269815687, 1.894699228293415, 1.1889455832538942, 2.155316985905961, 1.7019446941574887, 1.8692450563432943]
66;70;[1.6589160296456913, 1.610706448350446, 1.723525999043054, 2.0074895737418896, 2.229764938739312, 2.048536134003549, 1.8563274938584138, 1.79480127671637, 1.6287374756704747, 2.04432888434201]
67;71;[1.698003427095478, 1.381687193038757, 1.5964574069015065, 1.8037512941422593, 1.9170056551408707, 1.8854769582707824, 1.7726155862082957, 2.045030499015493, 1.4763651273269986, 1.6922423439310315]
68;72;[1.5768305629815018, 1.7498882621132932, 1.4323697697824542, 1.5495563006021518, 2.1827257986666857, 1.6676148538700262, 1.7863189105910984, 2.374392345535985, 1.6452769643887581, 1.2937928563341083]
69;73;[1.9912125674511645, 1.7216047106430226, 1.7469112457026652, 1.623552983866737, 2.1487848714543003, 1.5692628978909784, 2.2185379569663652, 1.9959075508550714, 1.8009040552888642, 2.025256950209064]
70;74;[2.360195418628686, 1.460813541492467, 2.4467149348109047, 2.3833336384112385, 1.5532292365046918, 2.0990566981297025, 2.5352875936766988, 1.8402577123453683, 2.020371242951456, 1.5867040762945188]
71;75;[1.6893743356967053, 1.338741967381081, 1.8187188736075506, 2.589545739205967, 1.7636903466856266, 2.383823175714196, 2.706073892171956, 1.6369873796452958, 1.394772351721548, 1.7930713914512668]
72;76;[0.7956177817682937, 1.985597575524275, 1.5562870396277897, 2.434249116504159, 1.6235504392679412, 2.0561540974088754, 2.3698605025398147, 1.5945674020191458, 1.81449564474792, 1.9414452784781662]
73;77;[0.5507921765962611, 2.163778099872417, 0.9163426584505666, 1.8690276094248983, 2.0108405324494196, 1.7017367568841348, 1.7761517219293055, 1.551953335823496, 1.908216461917541, 2.128677281574021]
74;78;[1.1379685486431217, 2.9054488815468638, 0.6916668819287513, 1.5262149718138542, 2.851646551501329, 1.9058195221555139, 0.9677461446040746, 1.6440689759533131, 1.5058334348546818, 3.1761293435712163]
75;79;[1.5183599033379036, 3.375408566887978, 1.104930846927301, 1.655488221043629, 2.3007054762341146, 1.477573243026073, 1.1990258402912104, 1.8090773406308496, 1.7868977247586797, 2.793304533979623]
76;80;[1.4934956151033365, 2.4401803885669056, 1.7032460343955853, 1.8807895542645527, 1.5215493235728725, 1.868945592001545, 1.5721316128254033, 1.732671538353677, 1.7918721360042025, 1.8817199207638795]
77;81;[1.7622434988293274, 1.5877151937668168, 1.7084310577487973, 2.0464098689086314, 1.305553895004015, 1.5148731139648999, 2.001242514925761, 1.7907827980539055, 1.6727895814852163, 1.8154777033723155]
78;82;[2.0371112661418516, 1.8367740414192275, 1.9436968840218949, 1.9745839957341114, 1.9416167800410944, 1.210720872045694, 1.9895163204720325, 1.7186466889339906, 1.547648325446478, 0.7101681786065411]
79;83;[1.9075526943979737, 2.0466680186568627, 1.9841786754661186, 2.099582140237261, 1.8640693748776374, 1.1253465612529192, 1.7328300047611709, 2.0393790547314667, 1.2697341572749934, 0.9039289880900897]
80;84;[1.6290139871251559, 2.873975870307058, 2.990311282482373, 1.3307374894948758, 2.212438057293814, 1.1697451057997004, 1.967592444475096, 2.2155267357783583, 1.3349782273263355, 1.322332684475988]
81;85;[1.670291333923627, 2.3499098463298815, 2.8429416330665593, 1.496259303937545, 1.6822812057107874, 1.7496635827381843, 1.929519995409932, 1.6858323500896275, 2.2212894709392903, 1.3320262344242444]
82;86;[2.113728525642291, 2.3613410084944544, 2.3804740908442965, 2.2917461426869243, 1.5468960004170873, 2.1699818592809037, 2.5533760868366575, 2.1139447941180345, 2.4959235856553623, 1.6880574613317323]
83;87;[1.9765405642571576, 2.21972142641917, 2.215718583140388, 2.1328336968124018, 1.7888494087276028, 2.095189367138291, 2.1608031191718373, 2.185333046271772, 2.180643919186519, 2.0700179006341304]
84;88;[1.297377543771116, 1.8664521218884538, 2.4139357522553047, 2.7525206193365164, 1.380895076854776, 1.5180695815204617, 1.862634373838957, 1.7611611845035418, 1.8195055085747718, 2.081491901443831]
85;89;[1.518902133689869, 1.6927440829545846, 3.0425824071521745, 2.1063640384155082, 1.2283517889307995, 1.4818589577461345, 1.5133072585500449, 1.9007050753959704, 1.456936165880569, 1.9721716061323509]
86;90;[1.455459423869425, 1.3944868060526687, 2.4161080107036867, 2.3576567960736727, 1.1109711953191745, 1.7507596850826106, 1.5875345798307459, 1.7938446583537537, 1.460367419888277, 1.8219431957675658]
