-1;3;[2.0278434368412945, 1.225700069431032, 2.060505201893643, 1.104802242882568, 1.3165381140219263, 2.511616500671888, 1.6442298750825106, 1.0344926503933236, 1.7685550068996092]
0;4;[2.040012500213541, 1.8069310107347218, 1.964142254585984, 1.4796080101354998, 0.9194045979946069, 1.7656084067853077, 1.3810934108455368, 1.3234186673474666, 1.8129648594490726]
1;5;[1.4958674970816763, 2.1670830307362, 1.4744302217028433, 1.719566882258293, 1.901971202475253, 1.6498535177163434, 1.2846439772856142, 1.6933131638505543, 2.3938880529598103]
2;6;[1.1737696324154145, 2.2853286988776795, 1.7093729780906415, 1.8410889327716258, 2.341104929335895, 2.1380852495732046, 2.07003797066639, 1.7365529878427421, 2.9025524075589306]
3;7;[1.448374648934059, 2.0413545466116085, 1.8735650060105773, 1.855113746486102, 2.2833706440364185, 2.792587477502834, 2.2163598695253577, 1.8640751644180706, 2.0300503903154046]
4;8;[2.0228818330723377, 1.631635057219021, 2.142603558567763, 1.8901967149871644, 1.8630455842568139, 2.004732433797651, 1.9301018545691637, 2.15193729506373, 1.5838508017846251]
5;9;[2.3306813242938946, 1.735679418350741, 2.488447942792169, 1.55350861815927, 2.2543715755831832, 1.4808447163476404, 2.2412855774391067, 2.040404355984459, 1.8348653778870052]
6;10;[2.2826416190255987, 2.150198842277397, 2.1479721579244075, 1.405341525631286, 2.3367976588800907, 1.6898512435354707, 2.5730528209252697, 2.288921311936932, 2.0416856615124193]
7;11;[1.8406008281254174, 2.7975411278308693, 2.801316239884886, 1.8507396827338056, 1.8602274264034317, 1.8820687314385807, 2.2752236296179826, 1.927853946076802, 1.5844482781022164]
8;12;[1.7807454915856875, 2.548448904053683, 2.605823745310314, 2.313061798139427, 1.8246223864047948, 1.6158252224451422, 2.0373811471070593, 1.6821976710738686, 2.31468883417731]
9;13;[2.4086344560148643, 2.4956396872894953, 2.9359687730495083, 2.0199554782993716, 1.7407347143146434, 1.0368203945889831, 1.6550919394044834, 1.5495071924261705, 2.7113264415875764]
10;14;[2.7923214976207853, 2.249984215917252, 2.4730984152565245, 2.0078881937481565, 1.9286720701798126, 1.2764708080241458, 1.9147441908336598, 1.9712798322695138, 1.9930407807099757]
11;15;[3.1974374691081247, 1.9357700133912255, 2.0222356860931727, 2.3296716699987914, 2.062596319200506, 1.778983448311394, 2.01767701834157, 2.93756340151887, 2.2536052172882965]
12;16;[2.9091036988674204, 1.524605914000426, 1.5980836273876347, 2.1630441453741556, 1.8536887669389392, 1.6667652855058959, 1.2839524735929535, 2.6209384431592704, 1.5221360293818953]
13;17;[2.9658915841882774, 1.4687066819081906, 1.394027993910155, 2.1304475207967792, 2.0718719948495994, 1.8409870669338146, 1.044262724332539, 2.877102617797938, 1.5428868943152492]
14;18;[3.1500129671504933, 1.545925389377746, 1.649339466908108, 2.7905212988222607, 2.405428352367069, 2.1305175458649854, 1.0709823599894355, 2.478123114211224, 1.760500725114972]
15;19;[1.9774844923244512, 1.8121436539902644, 1.2850696864843396, 2.6729760681609043, 1.5450185700161687, 2.2919010418115646, 1.28548112465062, 1.690562947758944, 1.5579147719955195]
16;20;[2.3153090296576515, 1.3937417740432567, 1.3197812853030388, 3.079404394553956, 1.6732682914347043, 1.7625819081603757, 1.3293688239939985, 1.811082203934505, 1.653626665269223]
17;21;[1.9947348371059208, 2.016428302069125, 2.0615275058114193, 2.2846590775407596, 1.3780811365072911, 1.768011953817457, 1.8149466690010245, 2.1536092297740494, 1.58442979507912]
18;22;[2.20073936341114, 2.317709016597076, 1.8095418408679176, 1.7584927836987045, 1.7098363190264443, 1.6725496375395967, 1.7631842751064333, 1.8211965273469315, 1.7750234626249777]
19;23;[2.9307607630927786, 2.9392859269182074, 2.4220011794165375, 2.3881916456697563, 2.842695617825355, 2.45947990794579, 2.8559849953060223, 2.2334263170820474, 2.6315004421175496]
20;24;[1.8588519618349226, 2.0154505996823353, 2.1386656407602342, 2.1437817858240784, 2.6060543863383865, 2.302231931682417, 2.219893314911104, 2.5372758535418845, 2.108636057611827]
21;25;[1.9994963535203882, 1.882914821019793, 1.9906833678759193, 1.9151592171158485, 2.1208190987408493, 2.1593697275984947, 2.3312878824877057, 1.908906419244078, 1.7233100805613366]
22;26;[1.5423866395274928, 2.0884530619036803, 2.2558040548926117, 2.093609866213212, 2.137152123430118, 2.165938325132746, 2.0966131699936104, 1.6460211102463316, 2.344021443684907]
23;27;[1.7736854939935929, 3.066163533665404, 2.0751527638308738, 2.8717071580337667, 1.9449132408354863, 2.3431734166216684, 1.7163682970766514, 1.3133566437500124, 2.0772339417208925]
24;28;[2.273729409304159, 2.6387870475699833, 2.1876940785832737, 2.6299518230508423, 2.59378977297431, 2.3967601030631767, 2.253452909927276, 1.4927318091491308, 2.507522224141723]
25;29;[2.1702707743524927, 2.728193280235727, 2.1795132909952493, 2.7881875655924797, 2.602101677979269, 2.259750971721616, 1.7697676800060147, 1.7005920745142806, 2.07423707855248]
26;30;[1.6824826904144266, 2.9524267945465383, 2.12341362151677, 3.055274504228595, 2.681089638931435, 1.9259459771839733, 1.7377453722097842, 2.001253467774414, 2.4356583532242415]
27;31;[1.7181360526929537, 2.4645826232519217, 1.9373736356842977, 2.1791492510492803, 1.868119835525547, 1.7607379416628575, 2.11514262477962, 2.0372281653505966, 1.8611172082234475]
28;32;[1.3684136500488038, 2.5726371863820936, 1.9407447939552613, 2.0211651240750816, 1.6099641516475536, 1.6248381723351588, 2.253677950534515, 1.4932503558471495, 1.7010002871615106]
29;33;[1.3867816282301122, 2.718052117955676, 1.6591552549757869, 2.2905241632714097, 1.0012554234876039, 1.5353506558896344, 2.2013552664582816, 1.4610737753801277, 2.394791704410598]
30;34;[1.457693399375481, 2.7705993227375956, 1.7267934492165498, 2.9815389218597472, 1.1478350513379765, 1.2938573272688496, 1.02199219697014, 1.6080086088554983, 3.0931213725916438]
31;35;[1.4301675766409243, 3.4986147877109355, 2.3553189085236776, 2.6577887635853643, 1.2068604322416354, 1.3023479449941795, 0.890868231347107, 1.5990426823314055, 2.1944381748304664]
32;36;[1.6881995310736078, 2.713088794584814, 2.614964861278029, 2.4633872087507194, 1.81403289675041, 1.3241917310971676, 1.40257329108829, 1.9478102949068488, 1.8451283300133787]
33;37;[2.1231722179218697, 1.8279635809380101, 2.464227080900411, 2.129662316182119, 2.4285263245179514, 1.6460522451549502, 1.9103479607654856, 2.2784173738863402, 2.206218277127058]
34;38;[3.0653042895843585, 3.0249800963523943, 2.282126734421803, 2.740230833481541, 3.273900449521392, 3.1546917942511112, 3.086870596567376, 3.38886396733026, 2.93900610924941]
35;39;[2.235588651985731, 2.4943892721924814, 2.183102377988722, 2.799928042563218, 2.5932904659035048, 2.5225569827539016, 2.326989144372197, 2.954053318167709, 2.224953080747557]
36;40;[2.0220416549770137, 1.8712645977505, 2.150706099512396, 2.5450021609900007, 1.5010185909274671, 2.2940744669044872, 1.977889190796275, 1.7818861931112882, 1.859626830936588]
37;41;[2.0044442011315757, 1.5133681611479883, 2.6622300576891003, 2.3732223624276765, 1.461399685198384, 2.002698244185962, 1.6865066480867217, 1.288425957538212, 2.0332511039541985]
38;42;[1.9535024351276438, 1.143777734402744, 2.463687242988178, 2.5215649379146763, 2.2765030296443203, 2.1753078871313174, 2.291736286527776, 1.414013889683064, 2.313525494125956]
39;43;[1.2567246393335278, 1.470535445852588, 1.8993781342587546, 2.2595121864655305, 1.8707761206884435, 2.0802726303825483, 2.0316661955687785, 1.4021210067186605, 1.5862904891361407]
40;44;[1.249412431371961, 2.097300569640784, 1.9424902769328332, 2.333741687764797, 2.110516767266653, 2.471237870782764, 2.2228571365109704, 1.734773625156915, 1.9986478531026888]
41;45;[2.237304100017832, 2.2199558879331964, 1.816387294380603, 1.7705341039967097, 1.733933103726707, 1.3443489583453323, 1.4810679500148498, 1.7504939331803107, 2.023752075755053]
42;46;[1.8658262510875259, 1.8387746919269627, 1.7616118113569985, 1.802118587424809, 1.9432161972475481, 1.7655939279269466, 1.68670980821985, 1.568292344553477, 2.024670606570217]
43;47;[2.0910004163578852, 2.028266963828134, 2.0270704551695298, 2.0658415359976368, 1.6650859342218134, 1.6478595942320309, 2.0018390813738254, 1.6582022929524953, 2.1263065611389376]
44;48;[1.6701634830033731, 2.1957802051120794, 2.2881038406324836, 2.190083327052473, 1.8157185825745459, 1.7145698378527574, 2.1993180457686328, 1.8485194739017765, 1.7017511179766376]
45;49;[1.540586681882566, 2.375508484878245, 2.046686637839057, 2.502430031907132, 2.621177834297204, 1.7502714009515292, 1.7190421784531877, 2.30349232117725, 1.7546952300515546]
46;50;[1.7909339734170426, 2.6834433674239078, 2.117575430727606, 2.6613862530046433, 2.60052830534893, 1.4714667886176007, 1.5450953163575998, 2.1698915526071536, 1.9183236215244424]
47;51;[2.9354464028241196, 2.7733377112385194, 2.5902339101016416, 2.7891709704757157, 2.616073435409018, 1.4420871234489856, 2.6865579541727493, 2.2318407366223108, 2.643909053753695]
48;52;[2.0751039692079583, 2.9006383126564943, 2.09104151699837, 2.7355538681394074, 1.786364892268495, 1.6741158591926366, 2.4940924557856263, 2.501484395845199, 2.7571303590617795]
49;53;[1.405841724561677, 2.8740809751130416, 2.0945851853460864, 2.643501982944913, 1.79420369084964, 1.452876044422075, 2.054002139904698, 2.356154238569944, 2.340802871686153]
50;54;[1.5123881546930529, 2.26252647603799, 3.110343027968284, 1.855472982937817, 2.3996758943340337, 1.8599033099029791, 2.4532799301216284, 3.079779350920501, 2.458103968861402]
51;55;[1.6261853628579621, 1.2643920141087355, 3.4044418893185853, 1.269528055831924, 3.2069615100544673, 3.0145033241984596, 2.659659430574789, 3.471514966357585, 2.455955065108126]
52;56;[1.6022836402660463, 0.8144009001614757, 2.841597164353859, 1.40972104262924, 2.357801507349756, 2.817983747609878, 2.1609427428699823, 3.0874778879138987, 1.8835721184279088]
53;57;[1.7856157462537263, 1.312802320105415, 2.3494383880603347, 1.9482790822493314, 2.4081175871056915, 2.2594216845118655, 2.472813554001389, 2.2563406410175593, 1.4143320695039017]
54;58;[2.4467886134789434, 2.0929467226292453, 2.1141344514916893, 1.5627595809246462, 2.407674596848156, 1.752720643894649, 2.381902379417125, 2.057202311936779, 1.2867187241357008]
55;59;[2.4440130322898517, 2.5940857464197182, 1.8557064651145634, 1.7583362238878042, 2.8711867785579193, 1.2054687096028542, 2.5830872915065557, 1.5905935547975991, 1.8518321831181719]
56;60;[1.8690514476111797, 2.066710011730558, 2.437378792032044, 2.426666197108368, 2.179445647167851, 2.1736555605989754, 2.168864110722877, 2.0339317637797194, 2.5312155740115396]
57;61;[1.15745496095029, 2.369734716154886, 2.804854788908598, 2.6468565221059737, 2.0507496040936912, 2.5329650581815635, 2.716596503472046, 2.5997074582313835, 3.225168547511011]
58;62;[2.500212828623072, 2.8454521702637416, 2.713692014633581, 2.348560370445289, 1.8237115941677073, 2.8323599970160713, 2.6951277273271144, 2.6755133326805702, 2.816575808628353]
59;63;[2.31489284363615, 1.867070127519471, 2.8923994050589408, 3.0493475390675586, 2.2196567560484795, 2.7842280077048676, 2.5995215794876523, 2.6855426383783128, 3.1631417663644865]
60;64;[1.896116338200984, 1.253532412927293, 2.542098376654338, 3.2027558090493526, 2.417204811969337, 2.482652300711244, 2.5696104191940297, 2.3554542510376613, 2.7649856563216315]
61;65;[2.0913509385497355, 0.980060099278826, 1.9530714223600159, 2.8681787764339126, 2.1128156961200206, 2.3806094771069697, 2.0312363332231502, 1.8914940494566224, 1.7699922711750122]
62;66;[3.2942486151331782, 1.365733057645721, 2.1864734714726333, 2.665049360975216, 1.4977749455404235, 2.888236651089343, 2.467012223319491, 2.9667649379520733, 2.172551563533117]
63;67;[3.028074630118601, 2.503144201404698, 1.6787026210122877, 1.9028265066778662, 2.5162311959873898, 1.6941280357540536, 2.923619761711828, 3.0024957857194283, 2.3861910577590213]
64;68;[2.065077328852754, 2.3965300295816787, 2.5436963285515084, 1.912078971635682, 2.6989705180985366, 1.309569324147749, 1.9846251794710703, 2.206422808942765, 2.654358138163257]
65;69;[2.0531949014946864, 2.052208212679971, 1.8847209936620055, 2.333602387701975, 2.06480301015272, 1.2897090540428209, 1.7235573906414605, 2.1435447610577643, 1.8375199240753268]
66;70;[2.5843870667308404, 1.5348744412024202, 1.9954191222794182, 3.083683477925012, 2.810053070014581, 1.4685275479058195, 2.242796503692758, 2.9348056206340054, 2.634593460263639]
67;71;[1.8893165854568066, 1.530799198227202, 2.0964512610319037, 3.2438536473411856, 2.7652917821327305, 2.0964065189327097, 2.5309981687691185, 3.281259763344663, 3.1547824135625544]
68;72;[2.151422731055897, 1.77175692933498, 2.181704151960052, 3.3489924399241975, 2.5035641649322913, 2.44623101955857, 2.968105815664691, 3.2536776336332474, 3.111140083869711]
69;73;[1.9777547393721064, 1.740530455450125, 1.5926057447457405, 3.058713054682043, 2.647194368943953, 2.1796541115334325, 2.1551716539697954, 2.3859196609203206, 1.955203911514798]
70;74;[1.9939976203227097, 1.800996094789707, 1.780768964460386, 2.277232440173101, 2.101887341322236, 2.2067803035686557, 2.366812368087115, 1.9151006957149121, 1.8928445803391307]
71;75;[2.2995168478783437, 1.7705485492357838, 1.7276831190022186, 1.7781544195029344, 2.2930660015297226, 2.375907928212631, 2.3531665104027977, 1.8254128252325121, 2.174679356562166]
72;76;[1.940954969862292, 1.362003184644586, 2.5304033774804986, 2.4497191713898223, 3.153417263562931, 2.852019188253709, 3.09360502930435, 1.30226074346959, 1.7132807346819354]
73;77;[2.376706606112846, 1.133888713223728, 2.352004136000023, 2.5209618580636746, 2.751528857956914, 2.362185672338641, 2.442252558197853, 2.0065643545041674, 2.587866608501655]
74;78;[2.3107034932928703, 1.9278150949562582, 2.2061199382949743, 1.937216445358117, 1.724370906862057, 1.625180671828308, 2.0014370901210508, 1.6871288332418584, 2.2509583975740775]
75;79;[2.099101462085349, 1.5413463382703585, 2.0877384411760835, 1.8600337137538803, 2.058980008792205, 1.9873104631705427, 2.1529097261304613, 1.1013565426642844, 1.7471029673216614]
76;80;[1.4502315988940948, 1.6303796324144508, 2.4645675384524712, 1.5489314651424606, 2.423042205426728, 2.367188296188448, 2.674868063108659, 1.6665985508981507, 2.682260139918828]
77;81;[1.2643173569559856, 2.2177457507367926, 3.1036292342389387, 1.7962998471627363, 2.7639704917856265, 2.753624109823375, 2.7762907161891266, 1.9250328180035923, 2.1140399955441596]
78;82;[1.979535622806947, 1.6232048941188992, 2.612732615723002, 1.4337690508151277, 2.8090609502736457, 2.4442010105709984, 2.2747921314861945, 1.3305069271645356, 2.1067128418780396]
79;83;[1.7062340117765498, 2.287169365167279, 2.8570767224366467, 1.3279600389081103, 3.4091849836950976, 3.215774904134741, 2.7931231124813936, 1.8086678291772988, 2.2075741800465516]
80;84;[1.3603503053853765, 2.2393051078457127, 2.7654529705971638, 1.9889134323759132, 3.244900942215718, 2.9021415682973126, 2.3483302214994395, 2.1043994232426027, 2.0924758527152196]
81;85;[1.2714018555879296, 2.419594834533062, 2.826304988663543, 2.223447678064788, 2.8230602469217563, 2.0808953591240584, 2.1916189279162546, 2.2478241230309335, 1.5629329868487978]
82;86;[1.8634611411936448, 2.449673447607316, 3.0832397131188833, 2.738078820929756, 2.5867951914618157, 2.225686955769352, 2.951498701087027, 2.707188385517862, 1.6756186629568866]
83;87;[2.1986898577933536, 2.322842346341915, 2.609605762459035, 2.1450275521949607, 2.5560568799343897, 2.4616316088164565, 2.4493266997260617, 1.6616766069552975, 2.2990945518567254]
84;88;[2.595920963942288, 1.54383004539012, 2.0110582903501193, 1.7033427565117287, 1.766190255929096, 2.1530922884033674, 1.7575117403985254, 2.1362252166671793, 2.1531639151164486]
85;89;[3.0117477365651935, 1.7044180621643172, 2.0848219276185054, 1.8453466886377783, 1.9667508755102172, 1.9588330984649718, 1.6602538793191413, 2.2181065510193294, 1.5644469798469163]
86;90;[2.047810069005067, 2.2926057201011028, 2.094061215134358, 1.7319917532892524, 2.1538367267404848, 2.605926920248705, 2.0246315644448813, 1.9940037638002548, 2.413435187373264]
